# #fitting: e-mu-fit-std: Cu-Cu2O-CuO [R-factor:1.495e-04]
8687.95996100 -0.00888028 -0.00000000 -0.00076336 -0.00051996 -0.00169256
8694.45996100 0.00270885 -0.00000000 -0.00053596 -0.00045711 -0.00146627
8700.95996100 0.00874039 -0.00000000 -0.00067562 -0.00042002 -0.00090994
8707.45996100 -0.00120467 -0.00000000 -0.00023512 -0.00033011 -0.00057113
8713.95996100 -0.00422430 -0.00000000 -0.00029557 -0.00027531 -0.00062036
8720.45996100 0.00278552 -0.00000000 -0.00034880 -0.00018770 -0.00057702
8726.95996100 0.00090679 0.00001975 0.00004108 0.00010473 -0.00011969
8733.45996100 0.00104754 0.00042248 -0.00001168 0.00019058 0.00038492
8739.95996100 0.00676878 0.00019686 0.00011543 0.00023899 -0.00000287
8746.45996100 -0.00446447 0.00056319 0.00003390 0.00030205 0.00045326
8752.95996100 -0.00549320 0.00075983 0.00023518 0.00032512 0.00067308
8759.45996100 0.00372462 0.00037944 0.00019363 0.00015046 0.00033764
8765.95996100 0.00197298 0.00077065 0.00027141 0.00038404 0.00061841
8772.45996100 -0.00208908 0.00095640 0.00063095 0.00032514 0.00088876
8778.95996100 0.00170944 0.00092600 0.00071638 0.00038106 0.00077226
8785.45996100 -0.00029244 0.00115086 0.00050010 0.00054288 0.00094280
8791.95996100 0.00150529 0.00085735 0.00044585 0.00034396 0.00075735
8798.45996100 0.00124766 0.00078324 0.00033981 0.00026632 0.00075436
8804.95996100 -0.00625332 0.00094549 0.00057122 0.00020578 0.00101286
8811.45996100 0.00176535 0.00092169 0.00035132 0.00027960 0.00093195
8817.95996100 0.00108070 0.00073611 0.00040387 0.00027405 0.00067031
8824.45996100 -0.00522325 0.00080811 0.00039393 0.00027548 0.00077103
8830.95996100 0.00489050 0.00053923 0.00009748 -0.00002790 0.00076921
8837.45996100 -0.00192703 0.00075402 0.00031024 0.00011668 0.00088138
8843.95996100 -0.00200782 0.00031148 0.00029412 0.00003743 0.00035088
8850.45996100 0.00193813 0.00029971 -0.00000430 0.00005817 0.00035660
8856.95996100 0.00371986 0.00018419 -0.00003521 -0.00001340 0.00027695
8863.45996100 -0.00072964 -0.00000000 -0.00013559 -0.00017876 -0.00019812
8869.95996100 -0.00568434 -0.00000000 -0.00013761 -0.00013520 -0.00002661
8876.45996100 -0.00096323 -0.00000000 -0.00015465 -0.00023224 -0.00004778
8882.95996100 0.00277470 -0.00000000 -0.00018803 -0.00018561 -0.00005039
8889.45996100 0.00428047 -0.00000000 -0.00000848 -0.00047854 -0.00017762
8895.95996100 -0.00091691 -0.00000000 -0.00022247 -0.00041983 -0.00037197
8902.45996100 0.00070158 -0.00000000 -0.00049828 -0.00049441 -0.00054844
8908.95996100 -0.00929005 -0.00000000 -0.00032237 -0.00031226 -0.00025611
8915.45996100 -0.00716078 -0.00000000 -0.00061303 -0.00041364 -0.00079400
8921.95996100 0.00293439 -0.00000000 -0.00061330 -0.00021757 -0.00138843
8928.45996100 -0.00193251 -0.00000000 -0.00024574 -0.00003483 -0.00102582
8934.95996100 0.00481452 0.00000057 -0.00038921 0.00002039 -0.00076227
8941.45996100 0.00215151 0.00012324 0.00015109 0.00038105 -0.00028234
8947.95996100 -0.00415654 0.00068696 0.00045115 0.00090286 -0.00009248
8948.25976600 -0.00263412 0.00053471 0.00051524 0.00085571 -0.00026371
8948.55957000 -0.00207470 0.00081614 0.00049070 0.00111379 -0.00014801
8948.85937500 0.00356771 0.00085849 0.00064643 0.00124061 -0.00025065
8949.15918000 -0.00236389 0.00101845 0.00069390 0.00103219 0.00019377
8949.45996100 0.00475872 0.00119803 0.00058963 0.00121463 0.00026154
8949.75976600 0.00412810 0.00095457 0.00086740 0.00100071 0.00011266
8950.05957000 -0.00126152 0.00099372 0.00048387 0.00123070 -0.00002611
8950.35937500 0.00460884 0.00121560 0.00063616 0.00119131 0.00030462
8950.65918000 -0.00203780 0.00140174 0.00083081 0.00154580 0.00014871
8950.95996100 -0.00169123 0.00114860 0.00067619 0.00138630 -0.00000818
8951.25976600 0.00049211 0.00147471 0.00080443 0.00128428 0.00054050
8951.55957000 -0.00594956 0.00151144 0.00069197 0.00143864 0.00044021
8951.85937500 0.00075576 0.00148371 0.00091667 0.00151812 0.00028079
8952.15918000 0.00289808 0.00131555 0.00085763 0.00160895 -0.00004495
8952.45996100 -0.00369240 0.00156515 0.00072654 0.00158820 0.00034683
8952.75976600 -0.00126010 0.00174991 0.00089896 0.00161764 0.00054742
8953.05957000 -0.00448081 0.00167232 0.00103020 0.00164431 0.00038993
8953.35937500 -0.00116853 0.00194344 0.00128866 0.00167580 0.00069626
8953.65918000 -0.00264326 0.00194282 0.00116007 0.00174165 0.00064279
8953.95996100 0.00004023 0.00196430 0.00117122 0.00183685 0.00056719
8954.25976600 -0.00257252 0.00196299 0.00133762 0.00187050 0.00050359
8954.55957000 -0.00480827 0.00199694 0.00128410 0.00193117 0.00049289
8954.85937500 -0.00396503 0.00176849 0.00110792 0.00186142 0.00027572
8955.15918000 -0.00197480 0.00219200 0.00134485 0.00224067 0.00041876
8955.45996100 0.00293064 0.00245339 0.00115378 0.00214707 0.00091573
8955.75976600 -0.00079415 0.00248374 0.00142565 0.00215031 0.00091382
8956.05957000 0.00767605 0.00274103 0.00155381 0.00233374 0.00105445
8956.35937500 -0.00172775 0.00249671 0.00150165 0.00219860 0.00086781
8956.65918000 0.00020043 0.00271038 0.00174200 0.00222908 0.00109758
8956.95996100 0.00080483 0.00267285 0.00168187 0.00236067 0.00091031
8957.25976600 0.00261500 0.00270288 0.00185750 0.00238179 0.00090288
8957.55957000 -0.00319684 0.00289255 0.00200970 0.00256041 0.00095047
8957.85937500 0.00286231 0.00299484 0.00210146 0.00266884 0.00096147
8958.15918000 0.00479546 0.00326720 0.00192359 0.00276249 0.00126731
8958.45996100 0.00674481 0.00297058 0.00190052 0.00252464 0.00111523
8958.75976600 0.00177894 0.00337212 0.00223473 0.00279190 0.00133536
8959.05957000 0.00397706 0.00371456 0.00244393 0.00297251 0.00158621
8959.35937500 0.00408417 0.00362550 0.00238373 0.00292909 0.00151796
8959.65918000 -0.00237673 0.00380554 0.00242999 0.00303148 0.00165130
8959.95996100 0.00362058 0.00391633 0.00233434 0.00314920 0.00169224
8960.25976600 -0.00046833 0.00391938 0.00241463 0.00324132 0.00158379
8960.55957000 0.00562774 0.00412226 0.00256417 0.00334186 0.00173565
8960.85937500 0.00386181 0.00437404 0.00275489 0.00346500 0.00192513
8961.15918000 0.00571887 0.00416865 0.00283814 0.00343329 0.00165955
8961.45996100 0.00243914 0.00411778 0.00287170 0.00345075 0.00156417
8961.75976600 -0.00206082 0.00455179 0.00290177 0.00356499 0.00204281
8962.05957000 0.00208821 0.00476736 0.00305958 0.00400385 0.00184155
8962.35937500 0.00432024 0.00513810 0.00328602 0.00409143 0.00223123
8962.65918000 0.00049525 0.00515283 0.00323529 0.00415548 0.00218950
8962.95996100 0.00186848 0.00515115 0.00338754 0.00408741 0.00223865
8963.25976600 0.00137548 0.00568281 0.00344845 0.00446151 0.00256563
8963.55957000 0.00124247 0.00544253 0.00344313 0.00448006 0.00220948
8963.85937500 0.00426245 0.00576675 0.00394805 0.00466388 0.00238701
8964.15918000 0.00211543 0.00591566 0.00397546 0.00474023 0.00250813
8964.45996100 0.00508461 0.00620602 0.00414779 0.00506051 0.00253911
8964.75976600 0.00292957 0.00624810 0.00395239 0.00515823 0.00252065
8965.05957000 0.00813152 0.00668782 0.00435172 0.00525959 0.00296612
8965.35937500 0.00466646 0.00698030 0.00450117 0.00549092 0.00310078
8965.65918000 0.00399439 0.00682667 0.00451337 0.00549110 0.00288341
8965.95996100 0.00683253 0.00771062 0.00462739 0.00600059 0.00354849
8966.25976600 0.00506144 0.00722921 0.00483590 0.00580781 0.00305301
8966.55957000 0.00309935 0.00764609 0.00488384 0.00588658 0.00354411
8966.85937500 0.00590025 0.00794312 0.00501227 0.00609942 0.00370857
8967.15918000 0.01074714 0.00824833 0.00529367 0.00636910 0.00379941
8967.45996100 0.00934924 0.00874009 0.00568933 0.00657711 0.00420210
8967.75976600 0.01081311 0.00875621 0.00592976 0.00669324 0.00406162
8968.05957000 0.00599297 0.00906495 0.00605961 0.00700401 0.00413532
8968.35937500 0.00469583 0.00964262 0.00614805 0.00722745 0.00468791
8968.65918000 0.00921268 0.00986259 0.00613077 0.00744671 0.00475931
8968.95996100 0.00802373 0.01006089 0.00651690 0.00764481 0.00476284
8969.25976600 0.00549056 0.01044333 0.00675176 0.00800218 0.00487327
8969.55957000 0.01144138 0.01101289 0.00729217 0.00827776 0.00528976
8969.85937500 0.01367120 0.01125197 0.00758919 0.00864440 0.00517966
8970.15918000 0.00941600 0.01160876 0.00737284 0.00898381 0.00534164
8970.45996100 0.01272601 0.01210784 0.00789462 0.00924068 0.00568265
8970.75976600 0.01391380 0.01232204 0.00859785 0.00942695 0.00567386
8971.05957000 0.01488258 0.01289389 0.00886856 0.00962396 0.00622031
8971.35937500 0.01413935 0.01331381 0.00904757 0.01015648 0.00620043
8971.65918000 0.01208811 0.01391827 0.00942552 0.01064987 0.00645252
8971.95996100 0.01481709 0.01427390 0.00967815 0.01098661 0.00654553
8972.25976600 0.01017983 0.01508173 0.01047645 0.01113639 0.00739603
8972.55957000 0.01762757 0.01552494 0.01099927 0.01180590 0.00720749
8972.85937500 0.01674630 0.01554403 0.01118251 0.01207963 0.00690734
8973.15918000 0.01796302 0.01683717 0.01163418 0.01287119 0.00778979
8973.45996100 0.00959195 0.01713268 0.01213576 0.01321544 0.00775293
8973.75976600 0.01936365 0.01824007 0.01283471 0.01391480 0.00843862
8974.05957000 0.01655234 0.01884387 0.01336602 0.01433312 0.00874956
8974.35937500 0.02318503 0.01958755 0.01410705 0.01484825 0.00911976
8974.65918000 0.01747871 0.02054074 0.01482015 0.01563574 0.00949077
8974.95996100 0.01452959 0.02145656 0.01554204 0.01635467 0.00988316
8975.25976600 0.01285525 0.02240021 0.01651159 0.01710452 0.01024381
8975.55957000 0.02384791 0.02334480 0.01735861 0.01792923 0.01054246
8975.85937500 0.02071755 0.02453037 0.01827947 0.01877237 0.01114911
8976.15918000 0.02624119 0.02606243 0.01960718 0.01978132 0.01200112
8976.45996100 0.02403003 0.02738847 0.02088947 0.02102241 0.01231626
8976.75976600 0.02707265 0.02844645 0.02230577 0.02208727 0.01242716
8977.05957000 0.03403726 0.02990224 0.02382094 0.02310926 0.01313073
8977.35937500 0.02297686 0.03181628 0.02555844 0.02451885 0.01402261
8977.65918000 0.03291746 0.03416723 0.02769346 0.02631418 0.01504906
8977.95996100 0.03263626 0.03629429 0.02963998 0.02800501 0.01590382
8978.25976600 0.03635783 0.03817231 0.03203642 0.02990833 0.01610777
8978.55957000 0.03759940 0.04096413 0.03525714 0.03171542 0.01758436
8978.85937500 0.03581396 0.04416246 0.03854258 0.03429492 0.01878064
8979.15918000 0.04186951 0.04806820 0.04270822 0.03704119 0.02066470
8979.45996100 0.05302827 0.05243565 0.04802131 0.03997311 0.02283056
8979.75976600 0.05002481 0.05746447 0.05505132 0.04384159 0.02465320
8980.05957000 0.06337233 0.06383956 0.06481624 0.04869302 0.02690342
8980.35937500 0.05898885 0.07161372 0.07808370 0.05401764 0.03010939
8980.65918000 0.07272936 0.08082326 0.09545706 0.06073839 0.03322870
8980.95996100 0.08081008 0.09120773 0.11826720 0.06933295 0.03517776
8981.25976600 0.08790057 0.10315959 0.14761048 0.07949298 0.03670839
8981.55957000 0.10167605 0.11757458 0.18388530 0.09236899 0.03780041
8981.85937500 0.11988453 0.13652700 0.22689860 0.11004791 0.03919885
8982.15918000 0.13292500 0.16041325 0.27443167 0.13318920 0.04114081
8982.45996100 0.15244267 0.19151608 0.32406831 0.16493803 0.04390024
8982.75976600 0.18547312 0.23062880 0.37027416 0.20718497 0.04749395
8983.05957000 0.22924356 0.27816450 0.40879142 0.26129321 0.05184059
8983.35937500 0.29279900 0.33484825 0.43833926 0.32833340 0.05730222
8983.65918000 0.35510442 0.39706043 0.45809436 0.40386483 0.06388290
8983.95996100 0.41753306 0.45853064 0.46966432 0.47920376 0.07175559
8984.25976600 0.49406247 0.51249264 0.47458147 0.54497418 0.08071304
8984.55957000 0.53926486 0.55215924 0.47440426 0.58999750 0.09210807
8984.85937500 0.57244226 0.57250532 0.47096166 0.60714506 0.10527894
8985.15918000 0.58831564 0.57780534 0.46601005 0.60122219 0.12096800
8985.45996100 0.58855023 0.57527439 0.46072966 0.58068320 0.14084137
8985.75976600 0.59079860 0.57183173 0.45715052 0.55493667 0.16501659
8986.05957000 0.59333696 0.57148156 0.45546139 0.52915535 0.19405210
8986.35937500 0.59876730 0.57725740 0.45662795 0.50746903 0.22805663
8986.65918000 0.60305265 0.59171559 0.46144456 0.49267579 0.26800523
8986.95996100 0.63037119 0.61414055 0.46980609 0.48629419 0.31124763
8987.25976600 0.65551952 0.64070521 0.48056079 0.48758417 0.35266819
8987.55957000 0.68672684 0.66765713 0.49316715 0.49499259 0.38784362
8987.85937500 0.72527414 0.69374176 0.50499647 0.50736640 0.41623319
8988.15918000 0.75446544 0.71648870 0.51665113 0.52181741 0.43674032
8988.45996100 0.78328795 0.73560662 0.52751045 0.53791292 0.44925200
8988.75976600 0.79373825 0.75129804 0.53839344 0.55390606 0.45597317
8989.05957000 0.81008481 0.76449911 0.54926038 0.56997379 0.45826692
8989.35937500 0.82484935 0.77661652 0.56090165 0.58671353 0.45775540
8989.65918000 0.83068089 0.79109916 0.57392996 0.60673752 0.45734271
8989.95996100 0.84054482 0.80427035 0.58858097 0.62384723 0.45797955
8990.25976600 0.85353734 0.82031438 0.60684811 0.64180031 0.46234567
8990.55957000 0.88085385 0.83832575 0.62410210 0.66007708 0.47019986
8990.85937500 0.89647336 0.86000552 0.64292910 0.67908082 0.48388257
8991.15918000 0.91239785 0.88509404 0.66298833 0.69876768 0.50321222
8991.45996100 0.93831774 0.91239285 0.68499299 0.71783196 0.52768036
8991.75976600 0.96980922 0.94116386 0.70811907 0.73717890 0.55507161
8992.05957000 0.99126869 0.97230141 0.73154235 0.75631535 0.58806637
8992.35937500 1.03603115 1.00419853 0.75602162 0.77525414 0.62362767
8992.65918000 1.06595361 1.03604773 0.78186263 0.79534731 0.65845289
8992.95996100 1.09194445 1.06935631 0.80831000 0.81710403 0.69516065
8993.25976600 1.13146689 1.10475759 0.83476918 0.84086641 0.73495875
8993.55957000 1.16304232 1.14357656 0.86201464 0.86817586 0.77891429
8993.85937500 1.19249274 1.18436050 0.88997388 0.89718302 0.82684107
8994.15918000 1.22490315 1.22452149 0.91635260 0.92761865 0.87385032
8994.45996100 1.25219395 1.26327769 0.94061707 0.95943311 0.91816199
8994.75976600 1.29822035 1.29814198 0.96264016 0.99010066 0.95699082
8995.05957000 1.33115073 1.32907313 0.98188198 1.01902065 0.99058729
8995.35937500 1.35084611 1.35445300 0.99821237 1.04415656 1.01715550
8995.65918000 1.37241648 1.37645685 1.01168505 1.06661823 1.04016393
8995.95996100 1.37476724 1.39478400 1.02232424 1.08503362 1.06049010
8996.25976600 1.39989660 1.41057974 1.02875216 1.10071584 1.07921110
8996.55957000 1.42123194 1.42433681 1.03254357 1.11309912 1.09812581
8996.85937500 1.42338828 1.43641280 1.03296761 1.12363465 1.11602895
8997.15918000 1.41976461 1.44672196 1.02972479 1.13168565 1.13359339
8997.45996100 1.42846733 1.45666264 1.02389275 1.13906111 1.15181307
8997.75976600 1.43308364 1.46643486 1.01645447 1.14601094 1.17072487
8998.05957000 1.44507294 1.47548344 1.00774248 1.15109421 1.19089583
8998.35937500 1.45862924 1.48362110 0.99821857 1.15426263 1.21175934
8998.65918000 1.45978853 1.49121954 0.98837664 1.15617170 1.23329945
8998.95996100 1.45829520 1.49699179 0.97845566 1.15474002 1.25485244
8999.25976600 1.45722947 1.50124915 0.96954328 1.15099031 1.27549621
8999.55957000 1.46309574 1.50302674 0.96118240 1.14420222 1.29339949
8999.85937500 1.45595699 1.50213420 0.95359598 1.13411075 1.30828018
9000.15918000 1.45656324 1.49874025 0.94704817 1.12180106 1.31880809
9000.45996100 1.45067687 1.49323753 0.94105445 1.10771030 1.32557542
9000.75976600 1.44614210 1.48500837 0.93642757 1.09180993 1.32659683
9001.05957000 1.41696032 1.47548825 0.93382313 1.07623820 1.32283905
9001.35937500 1.41499653 1.46528520 0.93305286 1.06103336 1.31622895
9001.65918000 1.41109274 1.45544506 0.93428457 1.04748913 1.30788596
9001.95996100 1.39485733 1.44603219 0.93761937 1.03519293 1.29865403
9002.25976600 1.39246352 1.43647876 0.94265713 1.02299024 1.28874222
9002.55957000 1.37986670 1.42740895 0.94923496 1.01182195 1.27853423
9002.85937500 1.38073087 1.41857866 0.95760899 1.00153922 1.26748724
9003.15918000 1.36357103 1.40938992 0.96793242 0.99145238 1.25492333
9003.45996100 1.35998658 1.40005994 0.97979567 0.98222025 1.24052463
9003.75976600 1.35923872 1.39022533 0.99229743 0.97316386 1.22449243
9004.05957000 1.33316986 1.38038361 1.00487663 0.96525591 1.20684756
9004.35937500 1.32839399 1.37071523 1.01729427 0.95870855 1.18783001
9004.65918000 1.32766911 1.36123156 1.02896629 0.95342680 1.16772677
9004.95996100 1.31736962 1.35197555 1.03902883 0.94918822 1.14714545
9005.25976600 1.31593873 1.34390975 1.04674673 0.94623958 1.12843819
9005.55957000 1.29997082 1.33671668 1.05150370 0.94465369 1.11066428
9005.85937500 1.31087091 1.33052789 1.05317113 0.94408582 1.09467756
9006.15918000 1.30717199 1.32553888 1.05271974 0.94483648 1.08034579
9006.45996100 1.29864346 1.32170653 1.04939788 0.94591479 1.06911122
9006.75976600 1.31137552 1.31824166 1.04396121 0.94823837 1.05736939
9007.05957000 1.30020357 1.31568051 1.03691582 0.95135415 1.04711785
9007.35937500 1.29686062 1.31331250 1.02895101 0.95480693 1.03705776
9007.65918000 1.30111566 1.31103950 1.01891110 0.95849614 1.02725959
9007.95996100 1.29896808 1.30917400 1.00866526 0.96278146 1.01771003
9008.25976600 1.31237210 1.30760414 0.99840634 0.96707650 1.00894788
9008.55957000 1.30351712 1.30599681 0.98907453 0.97107457 1.00041740
9008.85937500 1.29940812 1.30474966 0.98072268 0.97503800 0.99273608
9009.15918000 1.29198012 1.30357428 0.97377090 0.97861456 0.98561027
9009.45996100 1.30443450 1.30283853 0.96721874 0.98236910 0.97929842
9009.75976600 1.31507648 1.30242676 0.96097081 0.98595504 0.97401854
9010.05957000 1.30745045 1.30270866 0.95508699 0.99009132 0.96964615
9010.35937500 1.31133442 1.30375491 0.94961654 0.99466236 0.96651464
9010.65918000 1.31668937 1.30500909 0.94369488 0.99915964 0.96408857
9010.95996100 1.30808071 1.30714523 0.93789533 1.00455058 0.96257947
9011.25976600 1.32027665 1.30919218 0.93245509 1.00940542 0.96157032
9011.55957000 1.32441158 1.31151346 0.92703087 1.01437097 0.96109644
9011.85937500 1.32289551 1.31436290 0.92154462 1.01918644 0.96218900
9012.15918000 1.32152342 1.31690739 0.91625217 1.02369026 0.96293980
9012.45996100 1.33281872 1.31966588 0.91149272 1.02780335 0.96472199
9012.75976600 1.33693162 1.32217614 0.90736077 1.03142773 0.96649263
9013.05957000 1.32934351 1.32415192 0.90412576 1.03442532 0.96767982
9013.35937500 1.34038139 1.32564265 0.90128285 1.03633377 0.96915239
9013.65918000 1.33299126 1.32674813 0.89911413 1.03748158 0.97064296
9013.95996100 1.32997452 1.32743174 0.89784758 1.03794358 0.97191283
9014.25976600 1.34887437 1.32782308 0.89716762 1.03808665 0.97280903
9014.55957000 1.34844722 1.32754375 0.89740613 1.03725947 0.97325776
9014.85937500 1.33620506 1.32702892 0.89780988 1.03565056 0.97421295
9015.15918000 1.32875289 1.32661918 0.89879409 1.03447603 0.97471663
9015.45996100 1.33223811 1.32578984 0.89953107 1.03315424 0.97440309
9015.75976600 1.34687092 1.32510288 0.90075092 1.03222283 0.97381220
9016.05957000 1.33625373 1.32425246 0.90290370 1.03095520 0.97314744
9016.35937500 1.34283053 1.32374576 0.90463583 1.03039366 0.97240128
9016.65918000 1.33085032 1.32294134 0.90671779 1.02971246 0.97101733
9016.95996100 1.33714449 1.32262499 0.90831890 1.02963995 0.97006894
9017.25976600 1.34249827 1.32220787 0.91127312 1.02959444 0.96861546
9017.55957000 1.33401503 1.32109244 0.91343148 1.02819782 0.96746787
9017.85937500 1.33502979 1.32053563 0.91691762 1.02762698 0.96633882
9018.15918000 1.32529454 1.31927315 0.92021709 1.02612627 0.96479491
9018.45996100 1.32814067 1.31767618 0.92383545 1.02388080 0.96343317
9018.75976600 1.32576640 1.31532057 0.92778216 1.02072061 0.96142710
9019.05957000 1.32766913 1.31303931 0.93193760 1.01705153 0.96031812
9019.35937500 1.32065584 1.31003069 0.93623356 1.01292614 0.95801923
9019.65918000 1.32189055 1.30644989 0.94066478 1.00770502 0.95585200
9019.95996100 1.32464164 1.30294449 0.94578494 1.00264359 0.95355313
9020.25976600 1.30624233 1.29919014 0.95084165 0.99691040 0.95162292
9020.55957000 1.30888702 1.29530162 0.95571374 0.99115076 0.94944069
9020.85937500 1.29280269 1.29112650 0.96067260 0.98516355 0.94687624
9021.15918000 1.29231936 1.28661385 0.96638657 0.97923112 0.94329995
9021.45996100 1.29119641 1.28208920 0.97165731 0.97378863 0.93908519
9021.75976600 1.28229906 1.27740441 0.97696999 0.96799784 0.93499470
9022.05957000 1.27294170 1.27279481 0.98260312 0.96277607 0.93025485
9022.35937500 1.27312233 1.26857197 0.98781370 0.95829748 0.92549516
9022.65918000 1.26833196 1.26449165 0.99290333 0.95426072 0.92049761
9022.95996100 1.26362197 1.26043732 0.99788679 0.95075343 0.91485097
9023.25976600 1.27270858 1.25701507 1.00261014 0.94805080 0.90966065
9023.55957000 1.26212318 1.25370462 1.00713879 0.94566978 0.90433426
9023.85937500 1.25704577 1.25034263 1.01177401 0.94311597 0.89913175
9024.15918000 1.25636435 1.24690070 1.01632272 0.94061358 0.89369696
9024.45996100 1.24733432 1.24345607 1.02086428 0.93812322 0.88826052
9024.75976600 1.26123789 1.24011095 1.02546170 0.93582964 0.88279686
9025.05957000 1.24916945 1.23713065 1.02987959 0.93371944 0.87799141
9025.35937500 1.24356000 1.23413715 1.03470500 0.93176404 0.87289161
9025.65918000 1.23989454 1.23134124 1.03912659 0.92965465 0.86855315
9025.95996100 1.23900447 1.22863725 1.04335368 0.92736332 0.86472927
9026.25976600 1.23895600 1.22654218 1.04727266 0.92592484 0.86120656
9026.55957000 1.22193651 1.22418125 1.05085937 0.92367332 0.85825181
9026.85937500 1.23298002 1.22208195 1.05477230 0.92232349 0.85461195
9027.15918000 1.22686853 1.22032108 1.05704899 0.92066156 0.85245449
9027.45996100 1.21725441 1.21868909 1.05937982 0.91926610 0.85022381
9027.75976600 1.22279290 1.21725558 1.06113701 0.91804711 0.84830153
9028.05957000 1.22679437 1.21573120 1.06258100 0.91688511 0.84613682
9028.35937500 1.22778884 1.21447865 1.06308177 0.91596131 0.84441968
9028.65918000 1.21980030 1.21328664 1.06284145 0.91484396 0.84322597
9028.95996100 1.20716615 1.21207701 1.06184352 0.91377972 0.84203170
9029.25976600 1.21527259 1.21112141 1.06075847 0.91329592 0.84063724
9029.55957000 1.21999803 1.21037485 1.05854782 0.91292112 0.83974727
9029.85937500 1.21234946 1.20981031 1.05569534 0.91225523 0.83978232
9030.15918000 1.20669288 1.20905106 1.05255872 0.91188472 0.83899627
9030.45996100 1.20902868 1.20882971 1.04905785 0.91136410 0.83972593
9030.75976600 1.21150908 1.20871167 1.04502156 0.91107059 0.84046059
9031.05957000 1.21700848 1.20882625 1.04084241 0.91085999 0.84164336
9031.35937500 1.21107786 1.20878429 1.03622929 0.91055802 0.84265399
9031.65918000 1.21045024 1.20894818 1.03130649 0.91029187 0.84414130
9031.95996100 1.21737301 1.20961567 1.02648836 0.91050987 0.84611433
9032.25976600 1.22231037 1.21037757 1.02128204 0.91052539 0.84864952
9032.55957000 1.21821372 1.21112081 1.01636086 0.91064645 0.85095391
9032.85937500 1.22241607 1.21216908 1.01119265 0.91084597 0.85390159
9033.15918000 1.22079541 1.21341084 1.00614221 0.91119444 0.85708061
9033.45996100 1.21929213 1.21451431 1.00073431 0.91153364 0.86000651
9033.75976600 1.22956145 1.21601067 0.99571080 0.91228044 0.86323127
9034.05957000 1.22335076 1.21804413 0.99091681 0.91350300 0.86702466
9034.35937500 1.22779607 1.22000254 0.98628083 0.91465267 0.87072761
9034.65918000 1.23526736 1.22180420 0.98198614 0.91567219 0.87419899
9034.95996100 1.23833104 1.22395117 0.97797708 0.91692265 0.87812672
9035.25976600 1.23632033 1.22634852 0.97428121 0.91871095 0.88185390
9035.55957000 1.22706760 1.22903860 0.97080690 0.92060739 0.88610074
9035.85937500 1.23725986 1.23212946 0.96713018 0.92284029 0.89087180
9036.15918000 1.24017012 1.23515122 0.96369590 0.92499462 0.89556791
9036.45996100 1.23854776 1.23831431 0.96119663 0.92753202 0.89993457
9036.75976600 1.24394200 1.24121826 0.95883219 0.92964986 0.90426750
9037.05957000 1.24427123 1.24413976 0.95699313 0.93197429 0.90828394
9037.35937500 1.25525045 1.24710904 0.95496537 0.93427043 0.91249819
9037.65918000 1.25080167 1.25025898 0.95318974 0.93673789 0.91688223
9037.95996100 1.25259326 1.25344907 0.95210072 0.93909466 0.92143218
9047.95996100 1.34400910 1.35136446 0.96627471 1.02084595 1.04849387
9057.95996100 1.34468191 1.35178155 0.99256452 1.00768517 1.06514039
9067.95996100 1.33587874 1.33561131 1.04200487 1.00493545 1.01894221
9077.95996100 1.34272163 1.34125189 1.06987254 1.02914991 0.99373436
9087.95996100 1.34096562 1.33829032 0.99302786 1.03574832 0.98819659
9097.95996100 1.32443277 1.31254666 0.94780600 0.99738636 0.98510434
9107.95996100 1.29782012 1.29947446 0.96579975 0.97217722 0.98581755
9117.95996100 1.30589572 1.31425071 1.00975940 0.99360118 0.98540876
9127.95996100 1.31260561 1.33101668 1.04753738 1.00640006 1.00399350
9137.95996100 1.33276084 1.34789435 1.09546431 1.01329780 1.03060322
9147.95996100 1.34672244 1.35177014 1.04176279 1.02341917 1.03404525
9157.95996100 1.32871348 1.33999515 0.94853337 1.01450970 1.03072060
9167.95996100 1.32051998 1.33156843 0.95533778 1.00963197 1.01489580
9177.95996100 1.32401400 1.32815349 1.01694924 1.01289437 0.99177240
9187.95996100 1.32706057 1.33253633 1.01618214 1.01578227 0.99897090
9197.95996100 1.33155175 1.33468436 1.01115529 1.01470256 1.00689255
9207.95996100 1.32598856 1.33286767 1.03996483 1.01034808 1.00415068
9217.95996100 1.31597707 1.33026750 1.05507900 1.00397749 1.00445821
9227.95996100 1.32318630 1.33089915 1.02537424 1.00019604 1.01621748
9237.95996100 1.32397631 1.32791433 0.98348982 1.00061263 1.01431972
9247.95996100 1.32215513 1.32763605 0.98127960 1.00429493 1.00853141
9257.95996100 1.33278380 1.33096459 0.98784211 1.00657815 1.01278095
9267.95996100 1.33582038 1.33333439 0.99868741 1.00871222 1.01411776
9277.95996100 1.32751088 1.33224542 1.01149298 1.00918512 1.00862083
9287.95996100 1.32652737 1.33152457 1.01973714 1.00816316 1.00698500
9297.95996100 1.33284888 1.33158492 1.02558632 1.00630135 1.00897867
9307.95996100 1.33112845 1.33046578 1.02040084 1.00504350 1.00872338
9317.95996100 1.33086712 1.32705853 1.00644701 1.00326157 1.00467159
9327.95996100 1.32707493 1.32511774 0.99977418 1.00237993 1.00198405
9337.95996100 1.31921092 1.32496444 0.99679292 1.00133649 1.00357776
9347.95996100 1.33107513 1.32367645 0.98808760 1.00069920 1.00253510
9357.95996100 1.31371961 1.32333640 0.99247603 1.00025474 1.00163342
9367.95996100 1.31526637 1.32407482 0.99727720 0.99940364 1.00404305
9377.95996100 1.32809148 1.32575829 1.00250440 0.99858773 1.00878036
9387.95996100 1.33771996 1.32700429 1.00730299 0.99844063 1.01148011
9397.95996100 1.32133386 1.32685632 1.00991198 0.99868762 1.01033210
9407.95996100 1.32786121 1.32558632 1.00876663 0.99897930 1.00679632
9417.95996100 1.32226905 1.32466476 1.00193456 0.99922784 1.00510464
9427.95996100 1.32756942 1.32453595 0.99811097 1.00001592 1.00420579
9437.95996100 1.31918535 1.32363858 0.99845167 1.00019177 1.00158271
9447.95996100 1.31582489 1.32300062 0.99703758 0.99996128 1.00049564
9457.95996100 1.32918606 1.32268774 0.99416212 0.99959376 1.00067182
9467.95996100 1.32253391 1.32302840 0.99370763 0.99910533 1.00233433
9477.95996100 1.32005348 1.32325813 0.99399119 0.99822526 1.00417228
